16974
15197
44339
3161
46981
56040
36688
2606
12344
9349
39243
15454
4811
56304
54453
14151
14615
16657
50072
18772
11823
11025
38445
35589
12888
26357
33131
40406
30600
40199
25753
46226
3912
20787
61026
37953
19699
3853
20515
27365
63583
13616
8913
63176
62957
50529
26636
5451
10498
21557
32825
20609
25732
9656
25876
7074
13212
26292
61018
37479
44074
13514
56037
4680
18921
41157
1521
8880
22212
39957
11146
37349
27291
63565
49977
62966
2039
9960
19617
4101
60115
63742
62445
19877
47317
57587
39641
19684
15451
48122
21612
36291
4433
62434
39968
8110
4108
40673
64774
42648
